598675999
581884792
-922070506
572433559
169202709
103886814
-381104644
382560698
53155571
-679712990
582876580
919439480
437421047
462178038
-599416800
946403667
-891860702
567291893
-257019551
382336017
-22511324
-130493072
-796710973
-741806876
831939781
-31964575
-561264942
-784187353
688040481
-463529094
-428913725
-683241172
-105308838
703165227
576877154
-419697326
-690773467
-228115292
81277284
-451309631
-517240369
256177337
-340442861
-355047261
285106041
-953601732
7338491
736026844
-387666150
779633183
-474735337
-459956634
-641139916
-955755412
941189251
976107498
339943766
-245566858
-66402589
-445841359
970820853
840649502
296793284
-822952138
217204413
601318422
-60014698
265292811
975463917
127213895
725395196
450959807
620738217
251268495
-777532769
-485204214
10834802
-738959223
-407000437
104221287
-43173845
-10856378
-742120919
2258512
783869219
-24393884
915180188
-458498585
-835895228
-397179590
-132928652
16245431
544273107
-535725113
802105547
918229340
914842988
-239285666
-563384591
-14631601
922643939
300838256
-471813888
859247075
-905198722
-195242387
-520443982
760954537
-980852899
-357045954
-571083868
440747405
-717114626
-455495940
-595377505
-999387018
754929581
-65602996
-361049430
-843147174
-275147492
-485721634
-2286319
-949327464
-527712463
-916835634
-720061209
889114056
81433536
-665018041
129774048
549438079
-284343158
-328121649
169693298
-75925362
105307710
-24833358
-466481784
716556163
-324544115
655043411
676302540
-858130693
-503276559
-583262550
-697056046
-333616069
-867143177
-379173504
851358238
391104017
516371439
501591559
265302067
318867759
36501231
116614091
-507760328
641636184
-458411407
-397836135
259473270
-756465345
776697244
-2097091
-284262851
-875272289
-477123714
-436827873
-30506836
-974235783
-789798372
-903336942
419611473
-208351493
-233944205
-484563509
-142379648
-252514990
-567927773
-521266917
397076205
518936815
-210209957
-567956022
-444134672
-744440382
746314046
628495467
-764803390
-159821800
-873006125
-764609173
-197982236
460950121
669177436
-721105233
-331626198
-450242644
883367697
556619180
404054789
414769711
-57945759
-386284698
268722238
-660963970
-117006294
959595294
-583246021
-569714426
-157469330
862445084
-216043535
878066858
161457280
948115684
614469881
-231546220
-71082739
-10385303
-423017348
-908774829
-869157923
-673994644
-369757737
-109709281
-995666939
-474691038
-809301197
-300100057
-201500396
-514064502
-531201168
-177070467
88918607
-465861277
-143115095
-741666413
-461793090
162439180
316399529
815964229
673334717
-435367594
-820451060
371279924
24465551
997073722
-480885371
940278125
-34127895
856527962
-18726097
37585779
241453530
171208304
736282440
975436807
24859156
-499803583
-128440461
-280648410
-827774706
137608869
-821186135
-899784439
-97104111
-805697026
-396870400
-835506548
-936545587
660278468
489276093
814220933
188642092
406666739
-185150674
-895758817
226065582
355368376
-398862927
-125606350
596903588
-387958385
-404941622
-482512821
-657622383
791090430
-172448157
-94440443
585248971
726202252
-671961360
-739195605
521391369
526119753
-466038341
-340946208
-851749097
979039590
-970089567
-269268097
40687082
-54589094
765281136
996241371
-954449480
-907961679
-314774016
-880657986
-657042241
-296270554
-259449754
514835520
-560165539
388077777
48803883
-224314909
-789997441
-475874416
-864030718
101825203
632196699
-587404413
-101053415
843738536
-793933435
746269949
89730191
597214001
470276455
851237708
-608262481
-403409157
-121200580
164763457
-707115805
-381546510
-979680888
-337828971
-822217543
-65468736
-37113172
270830222
-590450307
-388624082
202234381
4952453
-509814141
45075160
-320951020
-699628549
-20089308
-872994115
-494913423
-814760011
428402125
-850750983
-374917261
302418993
615566852
362269494
-12884274
324454624
460087344
-941622662
-471922539
-169729037
689778506
-904038425
-733262379
4840620
-202798789
742617577
-325026009
-92024438
-153658965
-903404354
-49687924
970314877
-81655048
-45435874
-763834523
325978511
253964388
701238596
742820059
-255107640
-242099507
53671884
-351685107
104368839
-126642639
-479100535
628199806
342155011
402878081
-487654334
-86431644
-342327341
542516934
316913376
483208877
738034749
442847441
648988049
-735481301
-300664589
959975195
528534484
664978941
-354608122
823400271
472713204
-138866445
193194397
478979211
169909872
-55482722
-466822044
763163011
-831814550
282934952
-147275707
-405190770
-27572228
-310107430
287385328
936319513
-425804081
-186530071
-347245418
100094373
-13609063
-184211011
-446180186
253880699
763909990
310045858
201156525
983039044
-657518269
-578886859
923367864
-459091369
663265702
820878509
94186832
520484306
-228131146
121730317
429274110
164146792
-944626413
249401806
-709485523
511169141
-939435043
10063251
63558820
-562259178
-801372570
-398918180
-978034719
998743425
329288596
37008101
-135193887
-542208257
-689732312
-611170863
-548569833
759631449
-413228433
-341155905
722287095
393262367
-328127361
-461962163
-611997529
-267312373
566770407
-21560874
-210952478
-704269251
475365505
974172095
763621384
207908018
269731736
713709243
-367815987
580224242
-512548821
573638321
52663753
905569647
410712208
359340400
446387915
-572096780
807455219
789754469
274811548
-813257289
-88134542
288290584
378883465
238202089
508639368
-399534272
525793710
466333527
-840785454
-604871202
155088849
862619722
298983196
-888059033
372432628
522056840
457573970
128050277
780242069
-73431053
879586162
450888825
-376208637
453038469
-623640049
-468426157
-187345319
-194382868
-244606468
-561025151
778546889
-519078546
702886260
884323342
143703862
797010829
-624609187
-241277389
-774284520
832445994
759632885
330804492
-402637904
-432990377
-684763101
846953896
-625355401
-531654699
-55130459
861451002
-666692251
188263837
615458077
-420444172
-310221169
929296011
287919272
96505191
-557750211
600954698
-314319659
910094109
330302989
-889773500
-916980627
446516396
-838672782
745827219
-383016927
50631320
-9910625
-478009089
-43683408
476030231
-108886371
232060308
-343563966
-965000474
-274003651
-635424404
-135244502
849896782
-665374536
-720392112
481895321
-296936030
71147727
884451525
520118342
-649184120
-10930247
677217277
-479938450
-862214177
-14780071
445584253
561123384
641002160
888575018
-655208480
-804964678
-885611663
-128376407
-970248526
-900121157
-153483847
-867113336
980944768
-994116553
630184533
809004334
-316628295
792713589
393804592
-993992567
-702969156
513629885
-331569520
-700419653
-827035911
479392005
78753243
362347745
19459897
82486487
-272841549
-668441686
-755716451
127816678
560546425
-133127341
-711525242
-56984331
-424209823
-329323211
-242755352
6544747
953078514
-604357136
-934514223
-261149655
-909850094
938162213
-227416399
731351420
-50416523
-8754068
742696605
556839384
-940190941
-686677638
-80484292
55113821
686181190
368665687
329182299
389693198
184026267
-983529086
-688231048
683245202
-188896695
914849070
472297021
-955699975
-34253094
939983119
69761161
-981960638
-848700429
-719538028
-383755069
-377363644
-6042619
-532483947
-245189915
-452612417
-850699560
368512702
-792438455
197920844
-877669360
-386830496
889778132
527171933
536866693
92614132
-666294943
421724270
-830450789
252523596
362843654
-256255816
854686243
799313911
-596672263
923562509
536605273
-719238969
512879737
-470631537
-462852930
-444235748
180013300
-157167669
-7676212
-32131579
-383952372
-283802637
-459133102
166084078
-457470556
-541030035
936503911
83123337
-686712615
-456021625
985568464
383797006
525467863
-880810355
-528970584
505754259
710368751
-635830467
368464669
-725381491
77407081
-509993928
375035424
112022395
-370514470
-172890679
907806166
-267399590
772971577
-670538778
876785030
213162225
76562300
-510313069
197989070
-808640625
725427195
223450294
-120161244
-365805326
875608810
275336946
-339272858
-896145600
-595880208
-59798810
699720225
-183842837
691719474
-987475433
-423147958
493547451
340004846
980050847
-611712164
283657817
-107462295
267935067
-130851267
-802827026
-310433031
876557321
-81636719
256439760
-634635427
-392433092
-752764709
-707295254
977716795
715289006
648873188
-245169883
628336188
-787627665
355789153
-84971189
595536192
-192850750
-38008416
-754033470
108127922
-634670682
-334692690
32977097
948416024
-791847673
-357190571
-768098663
-78651964
95710519
21268217
-541381829
928486118
-688481086
986634790
-21038116
-928251347
622364534
342121121
476357374
890730453
-698523127
822261871
-323751879
448873380
285394476
-676547120
-712552478
229176492
-897514907
313644074
-626585066
-835776739
-836331915
-601306062
-75989090
305028228
436993672
-73008465
-924288097
138624953
327545837
96213268
858057452
-675500007
871470229
-742634539
-837771711
-317479381
-10905365
966162939
-320233118
792128824
981678297
-580900826
475762288
332677370
734952999
246233551
-62507988
616085530
-502714695
282371337
650314723
863350988
-123597926
16237093
-68690996
993906406
676149530
-45516397
-780710223
-575147730
-701198104
-872642716
-635462094
517532607
-297318268
-482829150
490204514
-95567814
773323121
-980917649
-346335630
-679119839
940522598
310825844
149110538
-753307575
-740302995
803530543
149445251
-733312590
893148527
432269712
-218509147
-692618602
143523035
152147432
48143474
735188291
-924342738
-331834968
528715989
957985532
883894403
-114977555
571291294
996590066
-566998637
-788518436
656485543
335427576
-854850368
-440800844
-346623023
-193579174
957929128
-109661023
40573063
703611309
251761293
776939820
742072019
166507994
-7734321
-583865228
-24453258
299456368
954905509
268746479
-385817637
108565499
467039081
-653942970
152297394
-944280952
-70630003
-871423671
605262925
-680627755
482328941
294440228
28261264
94650801
451238332
-233663555
-884952172
823373985
807242320
986266230
912871799
401610039
806928848
-411277575
173254553
-489959210
-133152110
277320168
682846784
-222544651
484037223
315470596
-319564106
557326674
930853980
-708262848
-586762199
-200375531
-840124261
-230825444
108734831
-34254546
-778439346
941664310
258484645
-918561280
-609082475
762297974
195210081
262664189
895142691
725720186
529095136
626041498
610267214
224723277
-468736870
39574377
-897912054
-13456924
-138125206
-385543288
-906817932
291931746
407081089
-99698206
123897269
372888366
680047028
228432735
962500775
-615916580
45730722
-319485864
-581053623
